RAY_DEPTH 6
SAMPLES 1024
DIMENSIONS 237 225
BG_COLOR 0.923032 0.767992 0.768846
CAMERA_POSITION 1.6374 5.89237 -5.44713
CAMERA_RIGHT -0.964124 3.4644e-09 -0.265452
CAMERA_UP -0.17775 0.742711 0.64559
CAMERA_FORWARD -0.197154 -0.669613 0.716065
CAMERA_FOV_X 1.55604
NEW_PRIMITIVE
PLANE 0.0794966 0.996383 0.0300325
POSITION 0.899174 -0.327265 -0.018241
COLOR 0.189265 0.128804 0.16378
NEW_PRIMITIVE
ELLIPSOID 1.41722 0.805188 1.99799
POSITION 3.41818 1.10952 1.88125
ROTATION 0.215103 0.604874 0.440508 -0.627543
COLOR 0.273085 0.365246 0.324335
NEW_PRIMITIVE
BOX 1.6782 0.748702 1.17115
POSITION 1.01798 0.334719 3.0044
ROTATION 0.232448 0.784384 -0.207471 -0.536344
COLOR 0.798297 0.863666 0.283393
NEW_PRIMITIVE
ELLIPSOID 1.94592 0.798484 1.11713
POSITION -3.18382 0.653013 2.64088
ROTATION -0.433666 0.686002 0.584104 0.0125293
COLOR 0.319797 0.89695 0.687348
NEW_PRIMITIVE
BOX 1.1558 1.60758 1.95154
POSITION -2.7893 0.244272 -1.57026
ROTATION -0.0907633 0.501261 0.553247 -0.659104
COLOR 0.575087 0.229883 0.399721
NEW_PRIMITIVE
ELLIPSOID 0.832807 1.08346 1.96182
POSITION -0.508646 1.52141 -4.49572
ROTATION -0.344811 -0.558252 0.00121961 0.754625
COLOR 0.285349 0.536375 0.0694837
NEW_PRIMITIVE
BOX 1.78693 0.571059 1.48903
POSITION 2.32999 0.395149 -3.09895
ROTATION 0.550866 -0.830392 -0.077884 0.0305129
COLOR 0.709804 0.429705 0.122932